(0.49630705945783515, 739, 0)
(0.3868951156441445, 210, 1)
(0.37225238290332247, 2139, 3)
(0.3702568650509892, 1966, 4)
(0.37011287544582205, 965, 0)
yake1 average : 0.06385564597491072
yake1 best cosine: 0.49630705945783515, index: 739, result: 0
(0.5448954693228305, 1942, 2)
(0.5303652344294485, 1750, 2)
(0.5052568105313082, 813, 2)
(0.4840490271595034, 2396, 3)
(0.44779752785327154, 2023, 1)
yake3 average : 0.06427950108759217
yake3 best cosine: 0.5448954693228305, index: 1942, result: 2
(0.49958147679900644, 813, 4)
(0.4688757007858698, 2023, 2)
(0.4462427393437521, 938, 1)
(0.42484324949588537, 739, 2)
(0.39765429372344135, 1039, 2)
yake5 average : 0.0642886373291394
yake5 best cosine: 0.49958147679900644, index: 813, result: 4
